7 25 14
7 25 14
7 26 12
7 27 18
7 29 8
7 29 15
7 31 20
7 32 12
7 33 29
7 33 32
7 33 48
7 34 58
7 36 14
7 37 7
7 37 7
7 37 36
7 39 11
7 40 35
7 40 35
7 40 35
7 43 21
7 43 53
7 45 21
7 45 21
7 45 21
7 50 24
7 50 44
7 52 13
7 52 13
7 52 13
7 54 45
7 55 29
7 55 29
7 57 1
7 58 0
7 58 59
8 0 8
8 0 39
8 0 39
8 2 37
8 4 30
8 4 30
8 5 53
8 5 53
8 5 53
8 5 53
8 8 22
8 10 41
8 10 41
8 12 2
8 16 33
8 17 16
8 17 16
8 18 50
8 20 14
8 20 14
8 20 57
8 22 16
8 26 23
8 26 23
8 28 17
8 28 24
8 29 14
8 30 8
8 30 23
8 30 51
8 31 32
8 31 32
8 31 52
8 34 28
8 34 28
8 35 40
8 36 32
8 36 32
8 36 46
8 38 53
8 40 30
8 41 2
8 43 26
8 46 43
8 46 43
8 47 38
8 49 45
8 49 45
8 49 45
8 51 46
8 52 22
8 52 22
8 53 5
8 54 3
8 54 59
8 55 24
8 57 44
9 0 8
9 0 10
9 0 10
9 1 11
9 2 34
9 3 35
9 4 46
9 4 46
9 7 29
9 7 29
9 7 29
9 9 57
9 9 57
9 12 31
9 12 31
9 12 33
9 14 15
9 16 45
9 17 19
9 18 45
9 19 0
9 19 0
9 20 28
9 20 28
9 25 10
9 26 7
9 26 36
9 26 36
9 27 47
9 29 10
9 29 10
9 30 48
9 32 48
9 33 20
9 33 20
9 35 47
9 37 18
9 37 37
9 38 40
9 38 40
9 38 55
9 38 55
9 41 20
9 41 20
9 42 24
9 44 5
9 44 40
9 45 3
9 48 49
9 50 15
9 51 20
9 52 19
9 54 41
9 55 47
9 55 47
9 57 16
9 57 16
9 58 26
9 58 29
9 59 34
10 1 44
10 4 34
10 4 47
10 4 47
10 6 18
10 6 37
10 7 30
10 7 44
10 9 51
10 9 51
10 11 1
10 12 14
10 13 39
10 15 11
10 16 47
10 16 47
10 17 17
10 19 23
10 22 51
10 22 51
10 22 51
10 23 35
10 23 35
10 24 40
10 26 34
10 27 29
10 28 7
10 28 7
10 28 7
10 29 2
10 31 13
10 33 33
10 36 3
10 36 3
10 36 50
10 36 50
10 36 50
10 37 1
10 37 52
10 38 55
10 39 3
10 42 4
10 43 25
10 43 36
10 45 20
10 46 52
10 46 52
10 46 52
10 48 5
10 51 17
10 51 46
10 53 42
10 53 42
10 55 32
10 55 46
10 56 22
10 57 11
10 57 18
11 0 25
11 0 54
11 2 36
11 5 48
11 5 51
11 7 34
11 7 34
11 8 38
11 8 38
11 10 44
11 12 28
11 12 28
11 13 17
11 14 12
11 15 49
11 15 49
11 18 24
11 19 5
11 19 26
11 23 21
11 25 37
11 26 42
11 27 59
11 29 30
11 31 59
11 33 6
11 33 42
11 33 42
11 34 13
11 34 13
11 34 21
11 36 9
11 36 9
11 36 50
11 39 32
11 39 42
11 41 34
11 42 17
11 42 49
11 43 17
11 44 5
11 44 31
11 48 3
11 48 9
11 48 9
11 48 11
11 49 21
11 50 50
11 53 59
11 53 59
11 55 55
11 56 29
11 56 29
11 57 41
11 59 26
11 59 34
12 1 0
12 2 0
12 5 33
12 6 26
12 6 37
12 8 30
12 9 4
12 9 14
12 9 14
12 11 26
12 11 31
12 12 14
12 12 35
12 14 55
12 14 55
12 15 38
12 16 55
12 18 12
12 19 39
12 19 58
12 23 28
12 26 32
12 28 29
12 28 29
12 30 5
12 34 1
12 34 1
12 35 12
12 36 25
12 37 38
12 38 35
12 38 35
12 39 8
12 43 18
12 43 28
12 43 28
12 44 12
12 44 27
12 44 37
12 46 42
12 47 18
12 48 20
12 48 20
12 49 56
12 49 56
12 51 40
12 51 40
12 51 58
12 56 5
12 56 57
12 56 57
12 56 57
12 57 50
12 58 37
12 58 37
12 58 42
12 58 42
12 59 7
12 59 7
13 1 17
13 3 0
13 3 29
13 3 37
13 3 37
13 3 37
13 4 19
13 9 52
13 9 52
13 10 28
13 10 28
13 11 25
13 12 53
13 13 45
13 14 31
13 15 18
13 15 18
13 16 42
13 19 14
13 19 14
13 19 14
13 22 27
13 22 27
13 22 56
13 23 45
13 24 24
13 24 24
13 24 24
13 24 53
13 27 11
13 27 11
13 27 11
13 29 41
13 29 41
13 30 4
13 30 4
13 30 46
13 32 34
13 32 34
13 34 13
13 34 13
13 34 58
13 34 58
13 37 26
13 37 31
13 37 46
13 37 46
13 38 35
13 39 55
13 41 5
13 41 5
13 42 17
13 43 2
13 44 38
13 44 38
13 46 56
13 48 40
13 48 40
13 51 8
13 51 8
13 53 0
13 53 0
13 53 39
13 53 39
13 54 35
13 54 35
13 56 0
13 56 0
13 56 0
13 56 0
13 57 39
13 57 59
13 57 59
13 58 23
14 1 24
14 3 50
14 3 50
14 3 50
14 3 50
14 4 35
14 5 33
14 7 31
14 8 59
14 8 59
14 11 33
14 13 6
14 15 58
14 16 19
14 18 49
14 19 11
14 21 13
14 21 47
14 23 22
14 23 24
14 25 53
14 25 53
14 27 27
14 27 27
14 27 27
14 28 41
14 29 42
14 31 28
14 31 28
14 32 57
14 33 46
14 34 49
14 34 49
14 36 39
14 36 39
14 40 21
14 43 46
14 43 54
14 44 39
14 44 48
14 46 4
14 46 4
14 46 4
14 47 40
14 48 27
14 48 47
14 50 42
14 50 42
14 55 7
14 57 56
14 58 51
14 59 32
15 1 11
15 3 21
15 4 2
15 4 43
15 4 44
15 6 7
15 8 24
15 9 15
15 9 18
15 9 18
15 9 43
15 9 58
15 11 46
15 11 46
15 12 59
15 15 1
15 15 1
15 15 1
15 15 53
15 18 30
15 20 22
15 20 22
15 21 42
15 23 42
15 23 42
15 25 17
15 25 17
15 25 17
15 25 26
15 25 36
15 30 16
15 31 50
15 32 3
15 33 17
15 35 50
15 35 50
15 37 32
15 37 32
15 38 47
15 39 21
15 39 21
15 39 54
15 39 54
15 41 39
15 43 24
15 44 42
15 47 1
15 47 1
15 47 22
15 47 59
15 49 7
15 49 34
15 50 57
15 50 58
15 52 54
15 54 29
15 56 16
15 57 15
15 57 21
16 1 31
16 1 31
16 2 44
16 3 2
16 4 8
16 4 44
16 5 12
16 6 21
16 6 58
16 7 26
16 8 46
16 8 46
16 10 54
16 10 54
16 10 54
16 10 59
16 12 38
16 15 12
16 16 23
16 18 23
16 18 23
16 20 14
16 20 34
16 20 34
16 20 34
16 20 55
16 22 9
16 22 32
16 24 29
16 24 46
16 26 48
