ablak 2 22 555 2 55 
abroncs 2 22 777 666 66 222 7777 
ad 2 3 
agg 2 4 4 
aggodalom 2 4 4 666 3 2 555 666 6 
ajak 2 5 2 55 
akar 2 55 2 777 
akarat 2 55 2 777 2 8 
akaszt 2 55 2 7777 9999 8 
alacsony 2 555 2 222 7777 666 66 999 
alma 2 555 6 2 
alszik 2 555 7777 9999 444 55 
altat 2 555 8 2 8 
angyal 2 66 4 999 2 555 
anya 2 66 999 2 
apa 2 7 2 
arany 2 777 2 66 999 
aranyos 2 777 2 66 999 666 7777 
arc 2 777 222 
aszal 2 7777 9999 2 555 
asztal 2 7777 9999 8 2 555 
avas 2 888 2 7777 
bab 22 2 22 
bagoly 22 2 4 666 555 999 
baj 22 2 5 
bajos 22 2 5 666 7777 
bajusz 22 2 5 88 7777 9999 
bal 22 2 555 
balra 22 2 555 777 2 
balta 22 2 555 8 2 
barna 22 2 777 66 2 
beteg 22 33 8 33 4 
bicska 22 444 222 7777 55 2 
bilincs 22 444 555 444 66 222 7777 
birka 22 444 777 55 2 
bizalom 22 444 9999 2 555 666 6 
bolha 22 666 555 44 2 
bolond 22 666 555 666 66 3 
bor 22 666 777 
borda 22 666 777 3 2 
borotva 22 666 777 666 8 888 2 
bors 22 666 777 7777 
bunda 22 88 66 3 2 
comb 222 666 6 22 
cukor 222 88 55 666 777 
csal 222 7777 2 555 
csavar 222 7777 2 888 2 777 
csend 222 7777 33 66 3 
csepp 222 7777 33 7 7 
csiga 222 7777 444 4 2 
csillag 222 7777 444 555 555 2 4 
csizma 222 7777 444 9999 6 2 
csomag 222 7777 666 6 2 4 
csont 222 7777 666 66 8 
csorog 222 7777 666 777 666 4 
dagad 3 2 4 2 3 
dagaszt 3 2 4 2 7777 9999 8 
dal 3 2 555 
dalol 3 2 555 666 555 
darab 3 2 777 2 22 
deszka 3 33 7777 9999 55 2 
dinnye 3 444 66 66 999 33 
dolgozik 3 666 555 4 666 9999 444 55 
dolog 3 666 555 666 4 
domb 3 666 6 22 
eb 33 22 
ecet 33 222 33 8 
ecetes 33 222 33 8 33 7777 
egyenes 33 4 999 33 66 33 7777 
egyezik 33 4 999 33 9999 444 55 
elad 33 555 2 3 
elaltat 33 555 2 555 8 2 8 
elcsal 33 555 222 7777 2 555 
elcsap 33 555 222 7777 2 7 
elejt 33 555 33 5 8 
elfelejt 33 555 333 33 555 33 5 8 
elfojt 33 555 333 666 5 8 
elhajt 33 555 44 2 5 8 
elhal 33 555 44 2 555 
elhitet 33 555 44 444 8 33 8 
elismer 33 555 444 7777 6 33 777 
elrejt 33 555 777 33 5 8 
elszalad 33 555 7777 9999 2 555 2 3 
eltesz 33 555 8 33 7777 9999 
elvesz 33 555 888 33 7777 9999 
elvisel 33 555 888 444 7777 33 555 
ember 33 6 22 33 777 
epe 33 7 33 
esik 33 7777 444 55 
eszik 33 7777 9999 444 55 
fa 333 2 
fagy 333 2 4 999 
fakad 333 2 55 2 3 
fal 333 2 555 
falat 333 2 555 2 8 
falatozik 333 2 555 2 8 666 9999 444 55 
falu 333 2 555 88 
falusi 333 2 555 88 7777 444 
farkas 333 2 777 55 2 7777 
fazekas 333 2 9999 33 55 2 7777 
fej 333 33 5 
fejsze 333 33 5 7777 9999 33 
fekete 333 33 55 33 8 33 
feketedik 333 33 55 33 8 33 3 444 55 
fekszik 333 33 55 7777 9999 444 55 
fektet 333 33 55 8 33 8 
felad 333 33 555 2 3 
felbont 333 33 555 22 666 66 8 
feled 333 33 555 33 3 
felel 333 33 555 33 555 
felemel 333 33 555 33 6 33 555 
felismer 333 33 555 444 7777 6 33 777 
felkel 333 33 555 55 33 555 
felmegy 333 33 555 6 33 4 999 
felold 333 33 555 666 555 3 
fest 333 33 7777 8 
fiatal 333 444 2 8 2 555 
finom 333 444 66 666 6 
fizet 333 444 9999 33 8 
fodros 333 666 3 777 666 7777 
fog 333 666 4 
fogas 333 666 4 2 7777 
fogdos 333 666 4 3 666 7777 
fogy 333 666 4 999 
fojt 333 666 5 8 
folt 333 666 555 8 
foltoz 333 666 555 8 666 9999 
fon 333 666 66 
fonal 333 666 66 2 555 
fonnyad 333 666 66 66 999 2 3 
fonnyadt 333 666 66 66 999 2 3 8 
forgat 333 666 777 4 2 8 
forr 333 666 777 777 
fut 333 88 8 
gabona 4 2 22 666 66 2 
garas 4 2 777 2 7777 
gaz 4 2 9999 
gazdag 4 2 9999 3 2 4 
gerely 4 33 777 33 555 999 
gomb 4 666 6 22 
gond 4 666 66 3 
gondol 4 666 66 3 666 555 
gonosz 4 666 66 666 7777 9999 
guba 4 88 22 2 
gyakori 4 999 2 55 666 777 444 
gyakorol 4 999 2 55 666 777 666 555 
gyalog 4 999 2 555 666 4 
gyarapodik 4 999 2 777 2 7 666 3 444 55 
gyenge 4 999 33 66 4 33 
gyep 4 999 33 7 
gyermek 4 999 33 777 6 33 55 
gyertya 4 999 33 777 8 999 2 
gyilkol 4 999 444 555 55 666 555 
gyomor 4 999 666 6 666 777 
gyors 4 999 666 777 7777 
gyullad 4 999 88 555 555 2 3 
hab 44 2 22 
habos 44 2 22 666 7777 
habzik 44 2 22 9999 444 55 
hagy 44 2 4 999 
hagyma 44 2 4 999 6 2 
haj 44 2 5 
hajas 44 2 5 2 7777 
hajlik 44 2 5 555 444 55 
hajnal 44 2 5 66 2 555 
hajnalodik 44 2 5 66 2 555 666 3 444 55 
hajt 44 2 5 8 
hal 44 2 555 
halaszt 44 2 555 2 7777 9999 8 
hall 44 2 555 555 
hallgat 44 2 555 555 4 2 8 
halmoz 44 2 555 6 666 9999 
halott 44 2 555 666 8 8 
hamar 44 2 6 2 777 
hamu 44 2 6 88 
hang 44 2 66 4 
hangya 44 2 66 4 999 2 
harag 44 2 777 2 4 
haragos 44 2 777 2 4 666 7777 
haragszik 44 2 777 2 4 7777 9999 444 55 
harang 44 2 777 2 66 4 
harap 44 2 777 2 7 
harcos 44 2 777 222 666 7777 
harisnya 44 2 777 444 7777 66 999 2 
has 44 2 7777 
hasad 44 2 7777 2 3 
hasas 44 2 7777 2 7777 
hatalom 44 2 8 2 555 666 6 
hazudik 44 2 9999 88 3 444 55 
hegy 44 33 4 999 
hely 44 33 555 999 
hervad 44 33 777 888 2 3 
hervadt 44 33 777 888 2 3 8 
hiba 44 444 22 2 
hideg 44 444 3 33 4 
hisz 44 444 7777 9999 
hit 44 444 8 
hold 44 666 555 3 
homlok 44 666 6 555 666 55 
hord 44 666 777 3 
hordoz 44 666 777 3 666 9999 
hoz 44 666 9999 
huba 44 88 22 2 
hull 44 88 555 555 
hullat 44 88 555 555 2 8 
hurka 44 88 777 55 2 
hurut 44 88 777 88 8 
idegen 444 3 33 4 33 66 
igaz 444 4 2 9999 
igazgat 444 4 2 9999 4 2 8 
ijed 444 5 33 3 
ijeszt 444 5 33 7777 9999 8 
iker 444 55 33 777 
ima 444 6 2 
inda 444 66 3 2 
indul 444 66 3 88 555 
ing 444 66 4 
ingyen 444 66 4 999 33 66 
integet 444 66 8 33 4 33 8 
irigy 444 777 444 4 999 
irigyel 444 777 444 4 999 33 555 
ismer 444 7777 6 33 777 
iszik 444 7777 9999 444 55 
ital 444 8 2 555 
itat 444 8 2 8 
ittas 444 8 8 2 7777 
izzad 444 9999 9999 2 3 
jegy 5 33 4 999 
juh 5 88 44 
kacag 55 2 222 2 4 
kakas 55 2 55 2 7777 
kalap 55 2 555 2 7 
kalapos 55 2 555 2 7 666 7777 
kalitka 55 2 555 444 8 55 2 
kan 55 2 66 
kanca 55 2 66 222 2 
kap 55 2 7 
kapar 55 2 7 2 777 
kapca 55 2 7 222 2 
kapu 55 2 7 88 
kar 55 2 777 
kard 55 2 777 3 
karika 55 2 777 444 55 2 
karperec 55 2 777 7 33 777 33 222 
kasza 55 2 7777 9999 2 
katona 55 2 8 666 66 2 
kecske 55 33 222 7777 55 33 
kecskebak 55 33 222 7777 55 33 22 2 55 
kedves 55 33 3 888 33 7777 
kehes 55 33 44 33 7777 
kemence 55 33 6 33 66 222 33 
ken 55 33 66 
kender 55 33 66 3 33 777 
kerek 55 33 777 33 55 
keres 55 33 777 33 7777 
kereset 55 33 777 33 7777 33 8 
kereszt 55 33 777 33 7777 9999 8 
keresztel 55 33 777 33 7777 9999 8 33 555 
kert 55 33 777 8 
kibont 55 444 22 666 66 8 
kicsi 55 444 222 7777 444 
kiesik 55 444 33 7777 444 55 
kimegy 55 444 6 33 4 999 
kinevet 55 444 66 33 888 33 8 
kis 55 444 7777 
kocsi 55 666 222 7777 444 
kocsis 55 666 222 7777 444 7777 
kocsma 55 666 222 7777 6 2 
koldul 55 666 555 3 88 555 
koldus 55 666 555 3 88 7777 
koma 55 666 6 2 
kondor 55 666 66 3 666 777 
kopasz 55 666 7 2 7777 9999 
koplal 55 666 7 555 2 555 
korpa 55 666 777 7 2 
kos 55 666 7777 
kova 55 666 888 2 
kukac 55 88 55 2 222 
kulcs 55 88 555 222 7777 
kurjant 55 88 777 5 2 66 8 
kurta 55 88 777 8 2 
kutya 55 88 8 999 2 
lakik 555 2 55 444 55 
lakodalom 555 2 55 666 3 2 555 666 6 
lap 555 2 7 
lassan 555 2 7777 7777 2 66 
leereszt 555 33 33 777 33 7777 9999 8 
lefejt 555 33 333 33 5 8 
lel 555 33 555 
liszt 555 444 7777 9999 8 
lomb 555 666 6 22 
lop 555 666 7 
lovagol 555 666 888 2 4 666 555 
lovas 555 666 888 2 7777 
lyuk 555 999 88 55 
lyukas 555 999 88 55 2 7777 
lyukaszt 555 999 88 55 2 7777 9999 8 
macska 6 2 222 7777 55 2 
madzag 6 2 3 9999 2 4 
mag 6 2 4 
magas 6 2 4 2 7777 
malac 6 2 555 2 222 
malom 6 2 555 666 6 
mar 6 2 777 
marad 6 2 777 2 3 
marha 6 2 777 44 2 
marok 6 2 777 666 55 
megfeledkezik 6 33 4 333 33 555 33 3 55 33 9999 444 55 
meghagy 6 33 4 44 2 4 999 
meghal 6 33 4 44 2 555 
meghoz 6 33 4 44 666 9999 
megijed 6 33 4 444 5 33 3 
megkap 6 33 4 55 2 7 
megkeres 6 33 4 55 33 777 33 7777 
megmond 6 33 4 6 666 66 3 
megnyit 6 33 4 66 999 444 8 
megnyom 6 33 4 66 999 666 6 
megold 6 33 4 666 555 3 
megolvas 6 33 4 666 555 888 2 7777 
megretten 6 33 4 777 33 8 8 33 66 
megsirat 6 33 4 7777 444 777 2 8 
megszagol 6 33 4 7777 9999 2 4 666 555 
megszed 6 33 4 7777 9999 33 3 
megszeret 6 33 4 7777 9999 33 777 33 8 
megtesz 6 33 4 8 33 7777 9999 
megvasal 6 33 4 888 2 7777 2 555 
megy 6 33 4 999 
meggyilkol 6 33 4 4 999 444 555 55 666 555 
meleg 6 33 555 33 4 
mell 6 33 555 555 
meny 6 33 66 999 
menny 6 33 66 66 999 
mese 6 33 7777 33 
messze 6 33 7777 7777 9999 33 
mirigy 6 444 777 444 4 999 
mocskos 6 666 222 7777 55 666 7777 
mond 6 666 66 3 
mos 6 666 7777 
mosolyog 6 666 7777 666 555 999 666 4 
mulat 6 88 555 2 8 
munka 6 88 66 55 2 
mutat 6 88 8 2 8 
nagy 66 2 4 999 
nagyatya 66 2 4 999 2 8 999 2 
nap 66 2 7 
naponta 66 2 7 666 66 8 2 
nedves 66 33 3 888 33 7777 
nedvesedik 66 33 3 888 33 7777 33 3 444 55 
nemzet 66 33 6 9999 33 8 
nevet 66 33 888 33 8 
nyak 66 999 2 55 
nyakszirt 66 999 2 55 7777 9999 444 777 8 
nyalakodik 66 999 2 555 2 55 666 3 444 55 
nyel 66 999 33 555 
nyelv 66 999 33 555 888 
nyelves 66 999 33 555 888 33 7777 
nyereg 66 999 33 777 33 4 
nyers 66 999 33 777 7777 
nyes 66 999 33 7777 
nyit 66 999 444 8 
nyitott 66 999 444 8 666 8 8 
odvas 666 3 888 2 7777 
odvasodik 666 3 888 2 7777 666 3 444 55 
okos 666 55 666 7777 
okosodik 666 55 666 7777 666 3 444 55 
oktat 666 55 8 2 8 
olaj 666 555 2 5 
old 666 555 3 
oldal 666 555 3 2 555 
olt 666 555 8 
olvad 666 555 888 2 3 
olvas 666 555 888 2 7777 
olvaszt 666 555 888 2 7777 9999 8 
orgona 666 777 4 666 66 2 
orr 666 777 777 
orvosol 666 777 888 666 7777 666 555 
ostoba 666 7777 8 666 22 2 
ostor 666 7777 8 666 777 
pad 7 2 3 
panasz 7 2 66 2 7777 9999 
pap 7 2 7 
paraszt 7 2 777 2 7777 9999 8 
part 7 2 777 8 
paszuly 7 2 7777 9999 88 555 999 
patkol 7 2 8 55 666 555 
pecsenye 7 33 222 7777 33 66 999 33 
pelyhes 7 33 555 999 44 33 7777 
per 7 33 777 
pipa 7 444 7 2 
piros 7 444 777 666 7777 
piroslik 7 444 777 666 7777 555 444 55 
piszkol 7 444 7777 9999 55 666 555 
piszkos 7 444 7777 9999 55 666 7777 
piszok 7 444 7777 9999 666 55 
por 7 666 777 
poros 7 666 777 666 7777 
puha 7 88 44 2 
puhul 7 88 44 88 555 
rab 777 2 22 
ragad 777 2 4 2 3 
ragyog 777 2 4 999 666 4 
raj 777 2 5 
rak 777 2 55 
rejt 777 33 5 8 
remeg 777 33 6 33 4 
rend 777 33 66 3 
repeszt 777 33 7 33 7777 9999 8 
reszel 777 33 7777 9999 33 555 
reszket 777 33 7777 9999 55 33 8 
retten 777 33 8 8 33 66 
rezes 777 33 9999 33 7777 
rongy 777 666 66 4 999 
rossz 777 666 7777 7777 9999 
ruha 777 88 44 2 
sajt 7777 2 5 8 
sapka 7777 2 7 55 2 
sark 7777 2 777 55 
satu 7777 2 8 88 
seb 7777 33 22 
sebez 7777 33 22 33 9999 
selyem 7777 33 555 999 33 6 
seper 7777 33 7 33 777 
siet 7777 444 33 8 
siket 7777 444 55 33 8 
sors 7777 666 777 7777 
suhanc 7777 88 44 2 66 222 
suta 7777 88 8 2 
szabad 7777 9999 2 22 2 3 
szag 7777 9999 2 4 
szagol 7777 9999 2 4 666 555 
szakad 7777 9999 2 55 2 3 
szalad 7777 9999 2 555 2 3 
szalag 7777 9999 2 555 2 4 
szalma 7777 9999 2 555 6 2 
szalonna 7777 9999 2 555 666 66 66 2 
szarka 7777 9999 2 777 55 2 
szarv 7777 9999 2 777 888 
szarvas 7777 9999 2 777 888 2 7777 
szed 7777 9999 33 3 
szeder 7777 9999 33 3 33 777 
szeg 7777 9999 33 4 
szeles 7777 9999 33 555 33 7777 
szem 7777 9999 33 6 
szempilla 7777 9999 33 6 7 444 555 555 2 
szent 7777 9999 33 66 8 
szenny 7777 9999 33 66 66 999 
szennyes 7777 9999 33 66 66 999 33 7777 
szerelem 7777 9999 33 777 33 555 33 6 
szerencse 7777 9999 33 777 33 66 222 7777 33 
szeret 7777 9999 33 777 33 8 
szeretet 7777 9999 33 777 33 8 33 8 
szerez 7777 9999 33 777 33 9999 
szid 7777 9999 444 3 
szilva 7777 9999 444 555 888 2 
szita 7777 9999 444 8 2 
szokik 7777 9999 666 55 444 55 
szoknya 7777 9999 666 55 66 999 2 
szolga 7777 9999 666 555 4 2 
szomj 7777 9999 666 6 5 
szomjas 7777 9999 666 6 5 2 7777 
szomjazik 7777 9999 666 6 5 2 9999 444 55 
szorongat 7777 9999 666 777 666 66 4 2 8 
szoros 7777 9999 666 777 666 7777 
szorul 7777 9999 666 777 88 555 
szurok 7777 9999 88 777 666 55 
takar 8 2 55 2 777 
talp 8 2 555 7 
tanul 8 2 66 88 555 
tanya 8 2 66 999 2 
tapasztal 8 2 7 2 7777 9999 8 2 555 
tarisznya 8 2 777 444 7777 9999 66 999 2 
tart 8 2 777 8 
tavasz 8 2 888 2 7777 9999 
teher 8 33 44 33 777 
tej 8 33 5 
tejes 8 33 5 33 7777 
teker 8 33 55 33 777 
tekint 8 33 55 444 66 8 
templom 8 33 6 7 555 666 6 
tenger 8 33 66 4 33 777 
terhel 8 33 777 44 33 555 
terhes 8 33 777 44 33 7777 
test 8 33 7777 8 
tesz 8 33 7777 9999 
tetszik 8 33 8 7777 9999 444 55 
tett 8 33 8 8 
tettes 8 33 8 8 33 7777 
tetves 8 33 8 888 33 7777 
tiszta 8 444 7777 9999 8 2 
tiszteleg 8 444 7777 9999 8 33 555 33 4 
toll 8 666 555 555 
tolvaj 8 666 555 888 2 5 
tolvajkodik 8 666 555 888 2 5 55 666 3 444 55 
torok 8 666 777 666 55 
tud 8 88 3 
udvar 88 3 888 2 777 
ugat 88 4 2 8 
ugrik 88 4 777 444 55 
ujj 88 5 5 
ujjas 88 5 5 2 7777 
unatkozik 88 66 2 8 55 666 9999 444 55 
utas 88 8 2 7777 
utca 88 8 222 2 
vaj 888 2 5 
vak 888 2 55 
vakar 888 2 55 2 777 
varr 888 2 777 777 
vas 888 2 7777 
vastag 888 2 7777 8 2 4 
veder 888 33 3 33 777 
ver 888 33 777 
veres 888 33 777 33 7777 
vesz 888 33 7777 9999 
vet 888 33 8 
vezet 888 33 9999 33 8 
viasz 888 444 2 7777 9999 
viaszos 888 444 2 7777 9999 666 7777 
villa 888 444 555 555 2 
visz 888 444 7777 9999 
viszket 888 444 7777 9999 55 33 8 
vizes 888 444 9999 33 7777 
von 888 666 66 
zab 9999 2 22 
zseb 9999 7777 33 22 
